name: osim
channels:
  - opensim-org
  - conda-forge
  - defaults
dependencies:
  - blas=1.0=mkl
  - bottleneck=1.4.2=py310hc99e966_0
  - btk=0.4.dev0=py310h1c4a608_5
  - bzip2=1.0.8=h2bbff1b_6
  - ca-certificates=2024.11.26=haa95532_0
  - colorama=0.4.6=py310haa95532_0
  - ezc3d=1.5.11=py310_python3_he255e42_3
  - freeglut=3.4.0=hd77b12b_0
  - icc_rt=2022.1.0=h6049295_2
  - intel-openmp=2023.1.0=h59b6b97_46320
  - joblib=1.4.2=py310haa95532_0
  - libffi=3.4.4=hd77b12b_1
  - mkl=2023.1.0=h6b88ed4_46358
  - mkl-service=2.4.0=py310h2bbff1b_1
  - mkl_fft=1.3.10=py310h827c3e9_0
  - mkl_random=1.2.7=py310hc64d2fc_0
  - numexpr=2.10.1=py310h4cd664f_0
  - numpy=1.25.2=py310h055cbcc_0
  - numpy-base=1.25.2=py310h65a83cf_0
  - opensim=4.5.1=py310np125
  - openssl=3.3.2=h2466b09_0
  - pandas=2.2.3=py310h5da7b33_0
  - pip=24.2=py310haa95532_0
  - pybind11-abi=5=hd3eb1b0_0
  - python=3.10.15=h4607a30_1
  - python-dateutil=2.9.0post0=py310haa95532_2
  - python-tzdata=2023.3=pyhd3eb1b0_0
  - python_abi=3.10=2_cp310
  - pytz=2024.1=py310haa95532_0
  - scikit-learn=1.5.1=py310hc64d2fc_0
  - scipy=1.13.1=py310h8640f81_0
  - setuptools=72.1.0=py310haa95532_0
  - six=1.16.0=pyhd3eb1b0_1
  - sqlite=3.45.3=h2bbff1b_0
  - tbb=2021.8.0=h59b6b97_0
  - threadpoolctl=3.5.0=py310h9909e9c_0
  - tk=8.6.14=h0416ee5_0
  - tqdm=4.66.5=py310h9909e9c_0
  - tzdata=2024b=h04d1e81_0
  - ucrt=10.0.22621.0=h57928b3_1
  - vc=14.40=h2eaa2aa_1
  - vc14_runtime=14.40.33810=hcc2c482_22
  - vs2015_runtime=14.40.33810=h3bf8584_22
  - wheel=0.44.0=py310haa95532_0
  - xz=5.4.6=h8cc25b3_1
  - zlib=1.2.13=h8cc25b3_1
  - pip:
      - c3d==0.5.2
      - contourpy==1.3.0
      - cycler==0.12.1
      - fonttools==4.54.1
      - kiwisolver==1.4.7
      - matplotlib==3.9.2
      - packaging==24.1
      - pillow==10.4.0
      - pyglet==1.5.29
      - pyparsing==3.1.4
